0 12
4 16
4 20
8 25
16 16
25 33
37 50
50 45
50 54
20 58
16 70
58 70
95 87
66 87
33 87
70 100
95 91
120 112
116 104
116 129
120 125
133 133
137 141
112 70
66 70
116 83
125 116
141 125
170 158
162 170
200 170
175 191
200 187
191 191
212 204
212 208
225 212
216 225
229 225
229 237
245 250
262 245
275 254
270 275
287 266
291 279
291 279
295 283
300 308
316 295
320 304
329 316
337 300
341 341
350 337
350 337
345 341
358 341
362 354
366 375
395 370
387 383
404 387
395 395
408 408
412 420
425 416
429 420
437 416
445 433
437 437
437 441
450 445
450 462
466 470
487 458
475 479
487 479
475 491
500 500
512 495
525 512
520 500
520 529
504 520
529 529
541 545
545 541
545 558
545 554
554 550
566 575
583 575
583 579
583 591
587 604
591 604
616 625
620 612
625 633
620 629
637 641
641 641
645 650
633 658
650 645
658 658
662 650
662 675
654 662
679 683
683 691
687 687
691 695
700 712
720 712
720 720
720 716
712 725
745 741
733 741
741 762
745 745
758 770
766 766
770 770
770 770
787 791
795 791
795 800
800 808
808 808
825 808
812 825
833 820
845 833
845 837
833 845
858 858
854 858
862 854
841 854
862 837
829 858
808 808
800 766
795 804
800 825
795 804
800 791
791 829
787 820
795 812
791 820
783 800
775 791
783 779
787 795
770 795
758 795
791 804
787 804
766 787
754 800
754 804
762 804
758 791
775 800
762 812
770 795
762 800
754 779
766 791
762 795
762 779
733 795
754 783
770 808
758 804
770 820
787 829
779 791
775 808
779 787
770 804
775 775
762 791
766 783
750 787
745 775
745 770
762 795
758 770
758 800
750 775
775 795
750 783
770 804
737 791
779 804
770 791
737 795
754 787
754 783
737 783
758 791
758 791
766 783
762 795
775 800
770 812
787 812
787 825
791 816
795 829
775 825
783 812
762 800
758 800
758 800
762 812
775 795
770 812
770 804
762 808
737 787
758 787
745 779
750 775
729 762
745 779
754 787
737 800
737 787
762 800
750 787
750 791
733 783
737 787
750 779
745 787
754 775
754 791
754 775
754 795
750 787
745 787
745 779
754 783
729 779
745 783
745 779
750 770
745 783
758 808
762 779
770 800
766 787
779 812
779 808
754 791
750 800
762 779
766 804
750 766
754 804
770 795
775 795
766 804
770 812
779 825
791 820
783 812
791 829
812 833
812 837
820 845
812 850
850 875
820 875
825 854
820 870
816 850
779 804
783 829
787 808
787 825
787 833
787 829
791 825
800 812
800 845
812 804
800 808
775 837
779 825
816 845
816 850
833 854
825 883
829 862
816 866
795 820
787 829
770 770
770 770
775 816
783 800
766 787
775 825
770 787
750 758
745 775
737 779
725 787
745 779
750 791
770 770
745 804
766 779
770 812
775 800
770 820
791 812
791 820
762 804
766 800
762 795
766 791
762 804
750 779
750 787
779 783
754 791
762 779
766 800
766 795
766 770
741 795
770 779
754 783
766 770
758 791
779 795
766 787
770 791
758 783
779 804
762 779
775 800
745 783
783 791
758 800
770 783
758 795
779 795
770 795
775 808
795 812
795 820
795 812
795 825
812 833
825 841
825 841
808 833
812 829
783 812
791 808
787 816
787 791
800 812
791 825
795 833
800 816
800 808
787 820
808 820
816 850
816 812
795 833
808 804
783 816
791 804
770 791
787 808
783 804
775 795
766 791
779 795
766 791
770 783
762 800
795 791
770 808
795 808
779 808
812 829
800 837
816 841
829 854
845 850
820 866
837 875
858 862
845 870
854 875
850 875
879 883
870 895
870 920
908 900
875 941
879 912
925 925
908 945
920 920
920 958
937 945
933 954
920 945
933 925
895 941
887 887
862 895
858 908
875 887
887 904
875 891
891 895
879 891
862 904
879 908
858 916
887 900
904 916
891 912
908 941
929 954
925 941
925 958
945 962
941 975
950 983
970 966
962 979
941 950
920 954
908 929
883 904
879 900
858 879
837 858
829 854
833 800
825 837
833 812
825 804
820 820
820 804
829 820
825 791
825 804
829 825
800 808
775 795
779 791
770 775
783 791
795 770
783 791
795 770
791 775
816 800
829 779
812 787
820 816
845 812
816 820
833 825
854 820
837 837
866 829
850 841
875 858
850 841
854 829
850 795
850 775
804 775
812 770
825 783
816 779
820 779
816 775
816 758
808 783
812 754
804 766
795 770
791 770
766 770
804 766
779 770
787 758
783 750
800 775
783 762
804 779
800 783
820 779
783 766
791 775
795 745
804 775
808 779
800 783
804 762
800 779
795 754
779 783
800 762
779 766
783 754
795 766
787 775
775 754
787 775
770 737
779 762
787 750
783 791
779 762
812 787
795 766
795 787
808 770
795 787
795 766
787 766
812 766
787 783
795 783
804 795
816 800
795 766
800 804
800 766
812 779
804 758
787 770
804 800
800 783
800 800
795 787
800 800
795 783
791 787
795 779
795 791
795 783
804 783
808 795
816 808
816 795
804 804
808 783
804 795
808 770
787 791
795 783
804 783
795 783
804 791
800 791
795 795
791 783
791 795
804 800
795 779
800 791
804 795
816 800
820 800
816 816
837 820
825 825
833 829
837 837
845 841
837 816
812 825
825 800
812 808
820 808
808 787
833 833
825 816
820 820
820 800
804 804
787 791
795 795
808 791
804 791
808 804
808 795
816 812
816 795
804 800
804 800
820 808
808 812
816 787
812 804
820 791
800 804
804 804
816 808
808 800
820 787
800 804
833 816
808 825
816 820
825 812
816 816
825 800
812 816
825 816
812 825
816 816
812 808
816 816
804 804
795 800
800 800
812 804
800 804
795 783
804 808
820 800
795 804
795 804
833 829
791 804
812 820
795 808
829 816
800 820
812 804
820 820
820 816
820 816
804 816
804 816
808 825
820 841
808 816
808 825
833 808
825 816
825 808
829 825
837 833
825 837
816 837
829 841
833 829
812 829
820 816
816 820
812 825
816 800
800 820
820 808
816 816
800 808
808 816
825 829
825 829
833 829
837 837
845 816
800 825
820 825
829 816
825 816
829 808
800 829
837 816
804 816
808 808
812 808
812 812
808 816
795 804
837 812
804 825
816 808
816 820
833 816
816 820
816 820
808 820
825 825
816 795
800 812
833 820
820 825
804 816
816 825
845 837
833 837
845 841
845 841
858 854
862 854
841 854
854 850
841 845
820 829
833 833
829 829
833 845
837 833
845 850
833 812
804 820
795 800
829 808
804 808
791 800
804 820
804 791
804 816
800 795
825 816
808 804
804 812
804 812
812 812
808 804
808 791
787 808
820 791
787 808
795 808
800 808
800 820
804 795
779 812
820 812
800 808
804 808
791 791
816 808
795 804
804 808
804 808
812 816
812 812
791 820
779 816
825 820
795 808
800 808
816 812
804 808
829 804
795 820
808 804
812 816
816 800
812 808
800 804
808 795
804 804
804 787
787 808
816 812
795 800
795 808
791 787
804 812
808 795
795 812
820 816
808 820
808 820
808 833
808 812
812 829
812 795
812 829
816 820
804 833
820 820
820 825
833 833
833 829
837 841
850 837
854 854
841 845
845 866
879 845
845 879
866 879
904 879
891 912
904 875
891 920
933 904
904 929
916 925
925 912
891 908
887 862
862 883
841 837
833 850
833 833
829 850
825 829
829 837
837 833
829 829
816 816
808 829
841 820
820 841
833 841
833 858
858 854
858 850
829 870
858 841
833 866
808 795
829 825
816 850
820 837
833 833
833 845
833 829
837 829
812 837
804 833
829 850
829 858
841 862
858 866
870 854
858 866
883 891
866 895
858 866
837 862
816 833
800 825
791 791
795 816
787 833
791 804
791 837
791 820
787 812
791 833
804 787
791 758
779 766
762 787
775 779
766 804
775 787
770 808
758 787
783 812
762 804
783 829
762 812
791 812
762 804
775 800
770 812
787 816
770 795
779 812
775 787
783 804
775 812
779 808
795 829
791 820
820 841
800 854
845 858
825 870
837 870
845 866
837 879
833 845
825 854
808 816
775 816
775 820
800 812
800 829
795 808
804 833
795 837
787 825
779 841
779 779
816 804
808 816
825 829
812 837
820 837
829 854
845 854
841 870
866 887
862 895
858 904
870 879
891 925
866 900
887 912
908 937
895 929
900 941
937 929
908 933
925 945
912 941
916 950
891 908
870 912
870 883
854 895
858 900
887 895
866 904
854 891
850 887
850 866
829 837
804 837
800 812
791 816
791 800
800 816
791 816
791 800
783 820
787 808
795 820
795 808
770 783
779 779
795 795
783 808
787 816
820 837
812 850
833 837
812 850
862 862
854 870
866 870
875 891
891 891
879 891
883 929
908 895
879 916
891 916
895 933
883 941
879 900
887 920
875 870
866 887
841 854
829 866
812 808
795 825
808 820
800 812
804 820
804 808
816 829
812 829
812 829
795 808
791 816
783 795
779 804
779 804
779 804
766 770
737 750
733 762
766 770
758 779
770 770
754 791
804 808
791 800
800 804
787 829
829 837
808 841
812 854
804 829
812 833
783 804
775 808
754 800
775 804
770 791
775 829
783 791
779 812
775 800
745 800
758 804
791 820
783 837
787 825
816 841
804 829
816 850
833 866
841 866
837 879
833 895
837 887
837 904
841 875
812 891
825 866
808 866
775 816
770 829
754 783
762 800
754 816
758 791
754 808
758 795
741 804
754 787
741 804
737 795
733 775
737 750
729 770
729 762
725 770
716 770
750 783
729 795
745 787
720 800
750 795
725 787
745 808
729 783
741 800
737 783
741 791
733 787
737 779
729 795
737 766
720 795
750 775
737 787
750 775
729 783
737 787
741 770
745 787
729 791
741 783
741 795
750 762
725 800
758 787
745 800
741 795
750 795
766 812
758 800
779 820
766 829
791 829
795 845
812 833
779 858
833 850
812 866
816 870
804 845
829 858
787 808
787 808
762 775
762 770
775 808
770 816
779 812
762 820
745 795
725 800
741 766
741 770
733 766
720 779
729 766
733 783
733 770
708 770
720 766
745 783
729 783
729 766
708 787
737 770
729 795
733 775
741 783
741 787
754 783
741 787
733 787
758 762
729 791
733 762
733 775
762 791
762 800
762 795
775 812
787 812
791 816
779 829
800 825
808 850
820 845
812 854
829 850
837 870
837 879
829 895
854 862
858 900
854 883
870 900
870 895
887 925
870 912
895 941
883 920
891 933
925 941
912 941
920 954
916 945
945 970
920 970
933 975
954 987
941 987
933 966
929 937
912 925
883 895
879 895
854 862
833 875
833 829
837 850
833 841
816 845
829 845
829 841
829 845
820 841
795 870
770 858
754 870
737 841
733 833
708 833
687 845
675 829
675 858
666 829
658 841
637 837
633 850
633 862
633 829
633 841
616 841
600 850
587 854
583 862
587 858
575 845
579 866
575 837
579 862
583 850
575 875
587 883
591 883
591 912
595 891
595 920
604 895
604 925
608 929
616 908
612 933
625 920
620 925
612 945
600 908
587 929
583 891
562 887
566 875
554 883
550 858
554 866
545 841
541 854
541 858
545 858
550 862
550 858
550 858
541 858
545 837
545 845
537 870
550 845
541 854
550 858
550 854
554 870
562 866
566 875
575 900
554 866
550 879
566 858
558 870
545 866
558 850
562 866
566 850
566 879
575 866
554 858
550 841
550 866
550 854
554 850
550 862
558 837
550 875
550 837
550 862
554 854
562 854
566 870
570 845
579 883
587 854
595 833
600 829
604 825
608 816
608 804
579 800
591 816
608 808
595 800
604 804
587 820
625 808
616 833
633 808
625 812
633 850
650 829
662 850
670 841
666 837
658 870
687 850
695 879
687 870
683 870
712 887
716 875
733 883
712 908
729 891
737 925
754 883
733 908
758 916
783 916
762 950
770 937
766 937
787 954
795 954
795 966
808 970
808 966
816 991
816 995
833 995
833 1008
850 1033
841 1004
870 1033
850 1041
850 1029
870 1045
870 1058
887 1037
883 1058
916 1058
900 1045
908 1062
933 1079
916 1083
916 1079
941 1108
933 1104
941 1120
970 1095
966 1112
950 1137
991 1137
975 1145
966 1137
991 1158
1004 1145
983 1166
991 1175
1025 1183
995 1195
1033 1195
1020 1191
1016 1191
1037 1220
1045 1208
1029 1233
1070 1220
1070 1229
1020 1241
1066 1245
1083 1258
1058 1254
1091 1237
1083 1245
1041 1212
1054 1208
1016 1195
1012 1195
1033 1200
1033 1208
1041 1195
1041 1216
1033 1175
1000 1162
991 1158
966 1112
954 1137
941 1104
925 1062
900 1087
883 1020
866 1025
887 1045
879 1041
883 1041
883 1050
883 1037
887 1041
895 1020
887 1012
866 1037
858 1025
841 1016
825 987
812 987
829 966
825 937
825 954
825 904
820 900
825 875
816 870
820 841
808 858
812 833
808 845
808 845
787 854
750 837
762 829
787 837
775 829
787 833
775 820
795 833
775 816
800 829
787 816
808 833
795 825
804 829
816 829
812 825
825 841
804 833
829 825
808 816
820 812
804 800
820 833
804 816
829 820
804 825
837 812
808 825
808 795
816 812
812 816
804 808
795 829
804 783
791 770
795 804
787 812
795 800
795 820
800 800
800 808
808 829
816 804
795 820
837 825
825 820
833 841
854 862
858 858
866 866
862 854
883 862
850 887
858 854
829 829
816 791
820 791
816 825
825 816
825 800
825 845
825 850
837 829
841 862
833 837
845 841
841 812
812 812
825 841
833 845
845 870
841 850
841 854
812 833
816 816
783 804
779 808
758 783
750 808
741 783
745 804
750 791
737 804
712 779
716 791
716 783
716 775
708 733
712 716
712 745
725 758
708 766
683 754
695 762
691 775
691 779
691 762
691 787
687 770
695 800
683 775
687 787
683 775
691 779
683 758
683 770
683 766
687 775
691 779
679 779
687 762
683 766
691 783
683 770
687 783
683 779
695 783
691 783
691 779
708 791
720 800
725 787
716 808
725 791
729 820
741 816
733 825
737 833
733 833
745 850
750 866
762 862
775 883
791 866
787 891
791 887
783 900
816 879
800 908
816 912
820 916
841 941
829 916
841 954
854 933
854 950
850 937
858 950
875 966
870 962
875 979
883 979
891 995
895 979
904 1008
916 1012
916 1016
920 1029
954 1012
925 1033
920 1041
941 1037
954 1041
929 1041
950 1066
975 1058
945 1062
958 1058
1008 1070
970 1070
1020 1091
1016 1108
1000 1112
1008 1116
1033 1125
1020 1129
1050 1129
1050 1141
1050 1141
1066 1158
1037 1162
1025 1158
1066 1166
1083 1166
1058 1175
1100 1183
1066 1183
1079 1191
1129 1195
1095 1204
1129 1229
1150 1216
1087 1237
1137 1233
1166 1241
1116 1254
1162 1237
1145 1254
1133 1258
1191 1270
1145 1266
1175 1279
1179 1279
1154 1279
1220 1283
1162 1291
1179 1325
1241 1304
1212 1345
1266 1325
1212 1333
1229 1350
1266 1337
1220 1354
1266 1354
1241 1350
1262 1358
1258 1345
1287 1383
1283 1370
1275 1391
1316 1400
1295 1408
1316 1420
1333 1429
1341 1433
1345 1441
1325 1425
1358 1429
1312 1437
1350 1441
1337 1445
1370 1470
1345 1454
1379 1462
1379 1479
1383 1487
1395 1491
1375 1479
1416 1495
1433 1500
1454 1504
1391 1512
1458 1512
1425 1516
1450 1500
1416 1504
1462 1508
1433 1508
1458 1487
1475 1495
1441 1483
1525 1504
1508 1495
1495 1512
1495 1483
1437 1479
1437 1458
1441 1441
1412 1420
1391 1416
1408 1387
1379 1383
1362 1341
1345 1350
1333 1362
1325 1329
1329 1362
1325 1350
1320 1375
1320 1354
1333 1345
1316 1379
1329 1354
1308 1354
1270 1350
1279 1329
1320 1341
1304 1345
1320 1354
1291 1358
1358 1366
1291 1366
1383 1400
1350 1404
1345 1425
1404 1433
1370 1425
1400 1445
1387 1450
1416 1470
1375 1458
1425 1483
1425 1462
1429 1466
1408 1470
1433 1458
1395 1466
1425 1475
1400 1470
1445 1512
1433 1483
1483 1508
1483 1525
1520 1508
1491 1529
1466 1491
1500 1504
1475 1495
1483 1495
1475 1508
1504 1500
1479 1495
1516 1516
1504 1508
1520 1529
1479 1495
1500 1525
1470 1516
1470 1504
1462 1500
1512 1504
1479 1483
1512 1508
1487 1483
1529 1525
1466 1475
1500 1520
1508 1487
1475 1529
1454 1495
1541 1512
1483 1516
1529 1500
1512 1520
1525 1512
1475 1458
1520 1487
1483 1487
1495 1491
1450 1458
1504 1525
1470 1462
1516 1508
1483 1487
1537 1479
1458 1475
1504 1487
1495 1479
1520 1508
1491 1495
1525 1525
1475 1483
1516 1520
1491 1495
1525 1520
1479 1491
1520 1520
1491 1475
1520 1504
1466 1491
1479 1508
1433 1483
1466 1508
1395 1495
1412 1512
1429 1491
1412 1512
1420 1495
1408 1495
1404 1500
1383 1512
1370 1516
1370 1508
1354 1487
1354 1491
1345 1483
1350 1495
1345 1483
1345 1483
1350 1479
1341 1500
1358 1504
1345 1508
1362 1504
1354 1500
1375 1495
1354 1512
1350 1487
1366 1516
1345 1479
1383 1495
1350 1491
1387 1504
1358 1508
1366 1504
1404 1525
1370 1529
1416 1516
1354 1504
1395 1487
1379 1508
1408 1504
1362 1495
1425 1525
1404 1508
1383 1512
1379 1491
1387 1495
1400 1512
1354 1495
1412 1516
1400 1491
1420 1512
1387 1491
1462 1508
1408 1466
1387 1466
1383 1437
1358 1437
1341 1400
1320 1391
1308 1391
1295 1354
1270 1345
1258 1320
1233 1308
1220 1279
1212 1287
1179 1245
1170 1250
1141 1191
1116 1195
1108 1183
1070 1158
1066 1137
1045 1112
1029 1095
1016 1083
983 1050
979 1058
958 1020
941 1008
929 995
891 966
883 945
866 933
837 908
825 904
795 870
787 862
762 820
745 812
720 795
708 766
695 766
675 725
654 720
633 695
608 666
595 645
575 662
550 604
533 616
516 554
487 558
479 558
458 516
433 512
416 483
400 450
387 437
350 433
333 400
312 379
295 345
287 358
250 312
233 308
208 275
183 266
183 258
166 212
108 175
95 150
83 133
95 120
62 104
87 70
54 79
45 58
79 58
58 54
12 45
25 54
62 45
54 45
25 37
16 41
33 45
50 41
58 25
37 37
16 41
29 37
41 37
54 20
45 37
8 45
16 29
25 29
25 25
25 33
37 29
29 20
12 29
16 8
8 16
4 20
4 20
8 25
4 20
4 4
8 8
8 4
4 8
8 4
8 4
12 8
16 8
16 4
8 8
8 4
4 4
